> labels <- data$rings
> data$rings <- NULL
> data$sex <- NULL
> set.seed(1)
> train.pct <- 0.7
> N <- nrow(data)
> train.index <- sample(1:N, train.pct * N)
> train.data <- data[train.index, ]
> test.data <- data[-train.index, ]
> train.labels <- as.factor(as.matrix(labels)[train.index, ])
> test.labels <- as.factor(as.matrix(labels)[-train.index, ])
> k<-10
> knn.fit <- knn(train = train.data, # training set
+                test = test.data, cl = train.labels, k = k
+                # test set
+                # true labels
+                # number of NN to poll
+ )
> print(table(test.labels, knn.fit))
           knn.fit
test.labels  1  2  3  4  5  6  7  8  9 10 11 12 13 14 15 16 17 18 19 20 21 22 23 24 25 27 29
         3   0  0  1  2  0  0  0  0  0  0  0  0  0  0  0  0  0  0  0  0  0  0  0  0  0  0  0
         4   0  0  2  8 10  1  0  0  0  0  0  0  0  0  0  0  0  0  0  0  0  0  0  0  0  0  0
         5   0  0  0  4 13  9  4  0  0  0  0  0  0  0  0  0  0  0  0  0  0  0  0  0  0  0  0
         6   0  0  0  1 13 17 26  9  6  2  0  0  0  0  0  0  0  0  0  0  0  0  0  0  0  0  0
         7   0  0  0  1  3 31 40 35 11  4  0  2  0  1  0  0  0  0  0  0  0  0  0  0  0  0  0
         8   0  0  0  0  2 11 20 54 42 20  4  2  0  0  0  0  0  0  0  0  0  0  0  0  0  0  0
         9   0  0  0  0  0  5  9 47 60 41 23  4  4  1  0  0  0  0  0  0  0  0  0  0  0  0  0
         10  0  0  0  0  0  3  5 28 56 64 34  6  4  0  0  0  0  0  0  1  0  0  0  0  0  0  0
         11  0  0  0  0  0  0  2 12 40 51 34 14  3  1  1  0  1  0  2  0  0  0  0  0  0  0  0
         12  0  0  0  0  0  0  1  5 17 17 22  7  3  1  0  1  0  0  0  0  0  0  0  0  0  0  0
         13  0  0  0  0  0  0  0  6 12 14 10  5  5  1  1  0  2  1  0  0  0  0  0  0  0  0  0
         14  0  0  0  0  0  0  1  3  9  8  7  5  6  3  0  0  0  0  1  0  0  0  0  0  0  0  0
         15  0  0  0  0  0  0  0  2  4  8  5  4  5  3  0  1  1  0  0  3  0  0  0  0  0  0  0
         16  0  0  0  0  0  0  1  0  5  3  2  2  5  0  0  2  1  0  1  0  0  0  0  0  0  0  0
         17  0  0  0  0  0  0  0  0  3  3  2  3  4  2  0  2  0  0  0  0  0  0  0  0  0  0  0
         18  0  0  0  0  0  0  0  1  0  3  2  0  1  2  0  0  0  0  0  0  0  0  0  0  0  0  0
         19  0  0  0  0  0  0  0  0  1  0  1  2  0  1  0  0  2  0  0  0  0  0  0  0  0  0  0
         20  0  0  0  0  0  0  0  0  0  1  1  0  1  0  0  1  2  0  0  1  0  0  0  0  0  0  0
         21  0  0  0  0  0  0  0  0  0  0  0  0  2  1  0  0  1  0  0  1  0  0  0  0  0  0  0
         22  0  0  0  0  0  0  0  0  0  0  1  1  0  0  0  1  0  1  0  0  0  0  0  0  0  0  0
         23  0  0  0  0  0  0  0  0  0  0  1  0  1  0  0  0  0  0  0  0  0  0  0  0  0  0  0
         24  0  0  0  0  0  0  0  0  0  0  0  0  0  0  0  0  0  1  0  0  0  0  0  0  0  0  0
         26  0  0  0  0  0  0  0  0  0  0  0  1  0  0  0  0  0  0  0  0  0  0  0  0  0  0  0
